Number of points 80
    0 -1.61822224e+01  2.24888873e+00
    1 -5.47555542e+00  7.57777739e+00
    2  7.08888865e+00  5.37777758e+00
    3  1.74044437e+01  9.77777764e-02
    4  1.64755554e+01 -1.27111113e+00
    5  3.27555537e+00 -3.07999992e+00
    6  9.48444462e+00 -6.59999990e+00
    7 -3.17777777e+00 -7.87111092e+00
    8  4.44888878e+00 -9.97333336e+00
    9 -8.50666618e+00 -1.14399996e+01
   10 -1.23199997e+01 -6.20888853e+00
   11  1.41777778e+00  2.88444448e+00
   12  2.49333334e+00  5.32888889e+00
   13 -9.67999935e+00  3.95999980e+00
   14 -1.74533329e+01 -1.80888879e+00
   15 -6.20888853e+00  2.10222220e+00
   16 -4.83999968e+00  1.95555553e-01
   17 -1.76488876e+01 -5.03555536e+00
   18 -1.91155548e+01 -8.26222229e+00
   19 -1.16355553e+01 -1.00222216e+01
   20 -1.30533333e+01 -8.40888882e+00
   21 -1.93111115e+01 -5.42666674e+00
   22 -1.97511101e+01 -1.90666664e+00
   23 -1.41777773e+01  7.67555523e+00
   24 -1.08044443e+01  8.31111050e+00
   25  1.51555550e+00  9.92444420e+00
   26  4.40000010e+00  9.67999935e+00
   27  7.23555517e+00  2.63999987e+00
   28  7.23555517e+00  9.28888857e-01
   29 -1.51555550e+00 -2.05333328e+00
   30 -2.98222208e+00 -5.42666674e+00
   31  1.06577778e+01 -5.27999973e+00
   32  1.28577776e+01 -8.35999966e+00
   33  1.12444437e+00 -8.40888882e+00
   34 -6.01333332e+00 -8.84888840e+00
   35 -8.65333271e+00 -8.11555576e+00
   36 -7.87111092e+00 -6.99111080e+00
   37 -5.13333321e+00 -5.23111105e+00
   38 -7.38222218e+00 -3.81333327e+00
   39 -7.82222211e-01 -4.20444441e+00
   40  5.52444410e+00 -1.56444442e+00
   41 -7.18666649e+00 -9.97333336e+00
   42  1.61333334e+00 -9.53333282e+00
   43 -1.60355549e+01 -5.62222195e+00
   44 -1.28577776e+01 -7.38222218e+00
   45 -1.43244438e+01 -5.03555536e+00
   46 -1.04133329e+01 -3.47111106e+00
   47  1.97511101e+01  7.38222218e+00
   48  1.09511108e+01  1.01199999e+01
   49  7.08888865e+00  1.06088886e+01
   50  1.58888884e+01  7.03999996e+00
   51  1.92622223e+01  4.35111094e+00
   52  1.02177773e+01  4.88888884e+00
   53  8.21333313e+00  6.20888853e+00
   54  1.28577776e+01  6.11111116e+00
   55  1.21244440e+01  7.67555523e+00
   56  9.58222198e+00  8.21333313e+00
   57  1.04133329e+01  2.54222226e+00
   58  1.34444437e+01  1.36888885e+00
   59  1.18800001e+01 -8.79999995e-01
   60  6.99111080e+00 -6.84444427e-01
   61  7.28444433e+00  4.88888860e-01
   62  4.88888882e-02  4.88888882e-02
   63  3.76444435e+00  8.79999995e-01
   64  2.73777771e+00  4.05777788e+00
   65 -1.27111113e+00  4.15555525e+00
   66 -2.73777771e+00  3.22666669e+00
   67 -5.67111111e+00  1.56444442e+00
   68 -7.57777739e+00  6.35555565e-01
   69 -1.14888887e+01 -7.33333290e-01
   70 -1.37866659e+01  3.91111106e-01
   71 -1.51555548e+01  7.33333290e-01
   72 -1.87244434e+01  7.28444433e+00
   73 -1.51066666e+01  9.63111115e+00
   74 -1.07066660e+01  9.72888851e+00
   75 -3.71555543e+00  1.00222216e+01
   76 -5.37777758e+00  1.15377779e+01
   77 -9.77777719e-01  1.13911104e+01
   78 -2.24888873e+00  8.01777744e+00
   79 -7.57777739e+00  6.01333332e+00
Number of segments 49
    0       0       1
    1       2       3
    2       5       4
    3       7       6
    4       9       8
    5      10      11
    6      13      12
    7      14      15
    8      17      16
    9      18      19
   10      21      20
   11      22      23
   12      23      24
   13      24      25
   14      26      27
   15      29      28
   16      30      31
   17      33      32
   18      35      34
   19      36      37
   20      38      29
   21      39      40
   22      27       4
   23      32       4
   24       8      32
   25      41      42
   26      20      36
   27      43      44
   28      45      46
   29       0      15
   30      13      26
   31      48      47
   32      49      50
   33      52      51
   34      53      54
   35      56      55
   36      57      58
   37      60      59
   38      60      61
   39      12      28
   40      62      63
   41      65      64
   42      67      66
   43      69      68
   44      71      70
   45      72      73
   46      74      75
   47      76      77
   48      79      78
