Number of points 22
    0 -5.00000000e+00 -3.00000000e+00
    1 -3.00000000e+00  1.00000000e+00
    2 -2.00000000e+00 -2.00000000e+00
    3  3.00000000e+00  3.00000000e+00
    4  4.00000000e+00  1.00000000e+00
    5  4.10000000e+00  2.00000000e+00
    6 -1.00000000e+00  1.00000000e+00
    7  2.00000000e+00  3.00000000e+00
    8  1.50000000e+00  3.00000000e+00
    9  2.50000000e+00  3.50000000e+00
   10 -1.90000000e+00 -2.09999990e+00
   11  1.00000000e+00 -1.00000000e+00
   12  1.10000000e+00 -8.99999976e-01
   13  3.10000000e+00  2.90000010e+00
   14 -5.50000000e+00 -3.50000000e+00
   15 -4.50000000e+00 -3.80000000e+00
   16 -6.00000000e+00  3.00000000e+00
   17  0.00000000e+00  4.00000000e+00
   18 -4.00000000e+00  3.00000000e+00
   19 -6.60000000e-01 -2.00000000e-01
   20 -7.00000000e+00 -3.00000000e+00
   21  0.00000000e+00 -3.50000000e+00
Number of segments 11
    0       0       1
    1       2       3
    2       4       5
    3       6       7
    4       8       9
    5      10      11
    6      12      13
    7      14      15
    8      16      17
    9      18      19
   10      20      21
