Number of points 116
    0 -3.00000000e+01  3.00000000e+01
    1 -6.00000024e-01  6.00000024e-01
    2  3.00000000e+01  3.00000000e+01
    3  6.00000024e-01  6.00000024e-01
    4 -1.50000000e+01  2.10000000e+01
    5 -3.00000000e+00  9.00000000e+00
    6  1.50000000e+01  2.10000000e+01
    7  3.00000000e+00  9.00000000e+00
    8 -1.42500000e+01 -1.50000000e+00
    9 -1.27500000e+01 -1.50000000e+00
   10 -1.12500000e+01 -1.50000000e+00
   11 -9.75000000e+00 -1.50000000e+00
   12 -8.25000000e+00 -1.50000000e+00
   13 -6.75000000e+00 -1.50000000e+00
   14 -5.25000000e+00 -1.50000000e+00
   15 -3.75000000e+00 -1.50000000e+00
   16 -2.25000000e+00 -1.50000000e+00
   17 -7.50000000e-01 -1.50000000e+00
   18  7.50000000e-01 -1.50000000e+00
   19  2.25000000e+00 -1.50000000e+00
   20  3.75000000e+00 -1.50000000e+00
   21  5.25000000e+00 -1.50000000e+00
   22  6.75000000e+00 -1.50000000e+00
   23  8.25000000e+00 -1.50000000e+00
   24  9.75000000e+00 -1.50000000e+00
   25  1.12500000e+01 -1.50000000e+00
   26  1.27500000e+01 -1.50000000e+00
   27  1.42500000e+01 -1.50000000e+00
   28 -1.57500000e+01 -3.00000000e+00
   29 -1.42500000e+01 -3.00000000e+00
   30 -1.27500000e+01 -3.00000000e+00
   31 -1.12500000e+01 -3.00000000e+00
   32 -9.75000000e+00 -3.00000000e+00
   33 -8.25000000e+00 -3.00000000e+00
   34 -6.75000000e+00 -3.00000000e+00
   35 -5.25000000e+00 -3.00000000e+00
   36 -3.75000000e+00 -3.00000000e+00
   37 -2.25000000e+00 -3.00000000e+00
   38 -7.50000000e-01 -3.00000000e+00
   39  7.50000000e-01 -3.00000000e+00
   40  2.25000000e+00 -3.00000000e+00
   41  3.75000000e+00 -3.00000000e+00
   42  5.25000000e+00 -3.00000000e+00
   43  6.75000000e+00 -3.00000000e+00
   44  8.25000000e+00 -3.00000000e+00
   45  9.75000000e+00 -3.00000000e+00
   46  1.12500000e+01 -3.00000000e+00
   47  1.27500000e+01 -3.00000000e+00
   48  1.42500000e+01 -3.00000000e+00
   49  1.57500000e+01 -3.00000000e+00
   50 -1.42500000e+01 -4.50000000e+00
   51 -1.27500000e+01 -4.50000000e+00
   52 -1.12500000e+01 -4.50000000e+00
   53 -9.75000000e+00 -4.50000000e+00
   54 -8.25000000e+00 -4.50000000e+00
   55 -6.75000000e+00 -4.50000000e+00
   56 -5.25000000e+00 -4.50000000e+00
   57 -3.75000000e+00 -4.50000000e+00
   58 -2.25000000e+00 -4.50000000e+00
   59 -7.50000000e-01 -4.50000000e+00
   60  7.50000000e-01 -4.50000000e+00
   61  2.25000000e+00 -4.50000000e+00
   62  3.75000000e+00 -4.50000000e+00
   63  5.25000000e+00 -4.50000000e+00
   64  6.75000000e+00 -4.50000000e+00
   65  8.25000000e+00 -4.50000000e+00
   66  9.75000000e+00 -4.50000000e+00
   67  1.12500000e+01 -4.50000000e+00
   68  1.27500000e+01 -4.50000000e+00
   69  1.42500000e+01 -4.50000000e+00
   70 -1.57500000e+01 -6.00000000e+00
   71 -1.42500000e+01 -6.00000000e+00
   72 -1.27500000e+01 -6.00000000e+00
   73 -1.12500000e+01 -6.00000000e+00
   74 -9.75000000e+00 -6.00000000e+00
   75 -8.25000000e+00 -6.00000000e+00
   76 -6.75000000e+00 -6.00000000e+00
   77 -5.25000000e+00 -6.00000000e+00
   78 -3.75000000e+00 -6.00000000e+00
   79 -2.25000000e+00 -6.00000000e+00
   80 -7.50000000e-01 -6.00000000e+00
   81  7.50000000e-01 -6.00000000e+00
   82  2.25000000e+00 -6.00000000e+00
   83  3.75000000e+00 -6.00000000e+00
   84  5.25000000e+00 -6.00000000e+00
   85  6.75000000e+00 -6.00000000e+00
   86  8.25000000e+00 -6.00000000e+00
   87  9.75000000e+00 -6.00000000e+00
   88  1.12500000e+01 -6.00000000e+00
   89  1.27500000e+01 -6.00000000e+00
   90  1.42500000e+01 -6.00000000e+00
   91  1.57500000e+01 -6.00000000e+00
   92 -1.65000000e+01 -7.50000000e+00
   93 -1.65000000e+01 -2.25000000e+01
   94 -1.35000000e+01 -7.50000000e+00
   95 -1.35000000e+01 -2.25000000e+01
   96 -1.05000000e+01 -7.50000000e+00
   97 -1.05000000e+01 -2.25000000e+01
   98 -7.50000000e+00 -7.50000000e+00
   99 -7.50000000e+00 -2.25000000e+01
  100 -4.50000000e+00 -7.50000000e+00
  101 -4.50000000e+00 -2.25000000e+01
  102 -1.50000000e+00 -7.50000000e+00
  103 -1.50000000e+00 -2.25000000e+01
  104  1.50000000e+00 -7.50000000e+00
  105  1.50000000e+00 -2.25000000e+01
  106  4.50000000e+00 -7.50000000e+00
  107  4.50000000e+00 -2.25000000e+01
  108  7.50000000e+00 -7.50000000e+00
  109  7.50000000e+00 -2.25000000e+01
  110  1.05000000e+01 -7.50000000e+00
  111  1.05000000e+01 -2.25000000e+01
  112  1.35000000e+01 -7.50000000e+00
  113  1.35000000e+01 -2.25000000e+01
  114  1.65000000e+01 -7.50000000e+00
  115  1.65000000e+01 -2.25000000e+01
Number of segments 69
    0       0       1
    1       2       3
    2       4       5
    3       6       7
    4       8       9
    5      10      11
    6      12      13
    7      14      15
    8      16      17
    9      18      19
   10      20      21
   11      22      23
   12      24      25
   13      26      27
   14      28      29
   15      30      31
   16      32      33
   17      34      35
   18      36      37
   19      38      39
   20      40      41
   21      42      43
   22      44      45
   23      46      47
   24      48      49
   25      50      51
   26      52      53
   27      54      55
   28      56      57
   29      58      59
   30      60      61
   31      62      63
   32      64      65
   33      66      67
   34      68      69
   35      70      71
   36      72      73
   37      74      75
   38      76      77
   39      78      79
   40      80      81
   41      82      83
   42      84      85
   43      86      87
   44      88      89
   45      90      91
   46      92      93
   47      94      95
   48      96      97
   49      98      99
   50     100     101
   51     102     103
   52     104     105
   53     106     107
   54     108     109
   55     110     111
   56     112     113
   57     114     115
   58      93      95
   59      95      97
   60      97      99
   61      99     101
   62     101     103
   63     103     105
   64     105     107
   65     107     109
   66     109     111
   67     111     113
   68     113     115
   69     115     117
